Data Type:                         CLASS 10 SECOND DATA
Project ID:                        TOGA/COARE: KAVIENG
Launch Site Type/Site ID:          FIXED, KAV
Launch Location (lon,lat,alt):     150 48.00E, 02 35.00S, 150.8, -2.58333, 3
GMT Launch Time (y,m,d,h,m,s):     1993, 01, 17, 17:12:16
Sonde Type/ID/Sensor ID/Tx Freq:   VAISALA RS80-15N 0, 0, 400.525
Met Processor/Met Smoothing:       NCAR RS80 PROCESSOR, 10 SECONDS
Winds Type/Processor/Smoothing:    OMEGA, TRIMBLE MINI-OMEGA, 240 SECONDS
Pre-launch Met Obs Source:         CAMPBELL SCIENTIFIC CR10
System Operator/Comments:          KUSUNAN SULUSUL, (REPROCESSED),NONE
/
/
 Time  Press  Temp  Dewpt  RH    Uwind  Vwind  Wspd  Dir   dZ      Lon     Lat    Rng   Az     Alt    Qp   Qt   Qh   Qu   Qv   Quv
  sec    mb     C     C     %     m/s    m/s   m/s   deg   m/s     deg     deg     km   deg     m     mb   C    %    m/s  m/s  m/s
------ ------ ----- ----- ----- ------ ------ ----- ----- ----- -------- ------- ----- ----- ------- ---- ---- ---- ---- ---- ----
 -98.0 1004.9  24.2  23.7  97.0    0.0    0.0   0.0   3.8   0.0  150.800  -2.583   0.0   0.0     3.0 77.0 77.0 77.0 77.0 77.0 77.0
  10.0  999.8  26.0  24.7  92.4    0.0    -.1    .1  12.4   4.5  150.799  -2.586    .3 198.2    48.2   .4   .3   .8 88.0 88.0 88.0
  20.0  993.8  26.7  24.3  86.8    -.1    -.3    .3  12.4   5.3  150.799  -2.586    .3 198.2   101.3   .3  0.0   .3 88.0 88.0 88.0
  30.0  988.3  26.4  24.0  86.7    -.1    -.4    .4  12.4   4.9  150.799  -2.586    .3 198.1   150.4   .2  0.0   .1 88.0 88.0 88.0
  40.0  982.7  26.0  23.8  87.8    -.1    -.5    .5  12.4   5.0  150.799  -2.586    .3 198.1   200.6   .2   .1   .1 88.0 88.0 88.0
  50.0  978.1  25.8  23.7  88.6    -.1    -.6    .6  12.4   4.2  150.799  -2.586    .3 198.0   242.6   .1  0.0   .1 88.0 88.0 88.0
  60.0  973.3  25.4  23.6  89.7    -.2    -.8    .8  12.4   4.3  150.799  -2.586    .3 197.8   285.7   .2  0.0   .1 88.0 88.0 88.0
  70.0  967.5  25.0  23.5  91.0    -.2    -.9    .9  12.4   5.3  150.799  -2.586    .3 197.7   338.4   .5  0.0   .2 88.0 88.0 88.0
  80.0  961.8  24.6  23.3  92.2    -.2   -1.0   1.0  12.4   5.3  150.799  -2.586    .4 197.6   391.1   .4  0.0   .3 88.0 88.0 88.0
  90.0  956.6  24.3  23.0  92.5    -.3   -1.1   1.2  12.4   4.7  150.799  -2.586    .4 197.4   438.5   .4  0.0   .2 88.0 88.0 88.0
 100.0  950.5  23.8  22.7  93.8    -.3   -1.3   1.3  12.4   5.6  150.799  -2.587    .4 197.2   494.7   .3  0.0  1.0 88.0 88.0 88.0
 110.0  945.5  23.5  22.2  92.2    -.3   -1.4   1.4  12.4   4.6  150.799  -2.587    .4 197.1   540.7   .4  0.0   .4 88.0 88.0 88.0
 120.0  940.1  23.3  21.7  90.8    -.3   -1.5   1.6  12.4   5.1  150.799  -2.587    .4 196.9   591.5   .2  0.0   .4 88.0 88.0 88.0
 130.0  935.3  23.1  21.1  89.0    -.4   -1.4   1.4  16.2   4.5  150.799  -2.587    .4 196.9   636.1   .2  0.0   .2   .1   .1   .2
 140.0  930.7  22.7  20.9  89.2    -.4   -1.2   1.3  19.9   4.3  150.799  -2.587    .4 196.9   679.6   .2  0.0   .2   .1   .1   .2
 150.0  925.1  22.4  20.6  89.4    -.5   -1.0   1.1  26.2   5.3  150.799  -2.587    .4 197.1   732.2   .2  0.0   .2   .1   .1   .2
 160.0  919.4  22.1  20.3  89.5    -.4    -.8    .9  27.5   5.4  150.799  -2.587    .4 197.3   786.5   .4  0.0   .2   .1   .1   .2
 170.0  914.2  21.7  20.0  89.8    -.4    -.6    .7  33.4   4.9  150.799  -2.587    .4 197.5   835.8   .2  0.0   .2   .2   .1   .2
 180.0  908.6  21.4  19.6  89.7    -.2    -.4    .5  31.7   5.4  150.799  -2.587    .5 197.7   889.4   .3  0.0   .4   .2   .1   .2
 190.0  903.1  21.3  18.9  86.4    -.2    -.3    .3  33.0   5.2  150.799  -2.587    .5 197.9   941.5   .3  0.0   .3   .2   .1   .2
 200.0  897.9  21.1  18.4  84.5    -.2    -.2    .3  50.6   5.1  150.799  -2.587    .5 198.0   992.5   .1  0.0   .3   .2   .1   .2
 210.0  894.0  21.0  17.8  82.2    -.3    -.1    .3  63.6   3.8  150.799  -2.587    .5 198.2  1030.2   .2  0.0   .2   .2   .1   .2
 220.0  888.4  20.7  17.4  81.7    -.3    0.0    .3  87.5   5.4  150.799  -2.587    .5 198.5  1084.2   .3  0.0   .4   .2   .1   .2
 230.0  883.9  20.4  17.5  83.5    -.3     .1    .3 116.8   4.4  150.799  -2.587    .5 198.9  1128.5   .1  0.0   .1   .1   .1   .2
 240.0  879.8  20.1  17.4  84.7    -.1     .3    .3 155.4   4.0  150.799  -2.587    .5 199.2  1168.6   .3  0.0  0.0   .1   .1   .2
 250.0  875.9  19.9  17.2  84.7    0.0     .3    .3 187.9   3.9  150.799  -2.587    .5 199.4  1207.1   .3  0.0   .2   .1   .1   .2
 260.0  871.4  19.6  17.0  84.9     .3     .2    .3 239.0   4.5  150.799  -2.587    .5 199.3  1251.9   .2  0.0   .2   .1   .1   .2
 270.0  866.9  19.4  16.6  84.1     .7     .1    .7 260.7   4.5  150.799  -2.587    .5 198.8  1296.4   .1  0.0   .1   .1   .1   .2
 280.0  862.8  19.2  16.4  83.6    1.1     .1   1.1 263.9   4.1  150.799  -2.587    .4 197.8  1337.8   .1  0.0   .1   .1   .1   .2
 290.0  859.3  19.1  16.2  83.3    1.5     .2   1.5 263.3   3.5  150.799  -2.587    .4 196.2  1372.7   .1  0.0   .4   .1   .1   .2
 300.0  854.4  19.0  16.0  82.6    1.7     .3   1.7 260.7   4.9  150.799  -2.587    .4 194.3  1421.8   .2  0.0   .4   .1   .1   .2
 310.0  850.2  19.0  15.8  81.7    1.9     .4   1.9 259.3   4.2  150.799  -2.587    .4 192.1  1463.7   .2  0.0   .3   .1   .1   .2
 320.0  845.6  18.9  15.3  79.5    2.0     .3   2.0 260.9   4.7  150.799  -2.587    .4 189.6  1510.5   .2  0.0   .4   .1   .1   .2
 330.0  841.0  18.8  14.9  78.3    2.1     .2   2.1 264.4   4.7  150.800  -2.587    .4 186.9  1557.8   .4  0.0   .2   .1   .1   .2
 340.0  836.4  18.3  14.6  78.9    2.3     .2   2.3 265.6   4.7  150.800  -2.587    .4 183.9  1604.6   .1  0.0   .2   .1   .1   .2
 350.0  832.1  17.9  14.6  80.6    2.4     .1   2.4 267.1   4.4  150.800  -2.587    .4 180.7  1649.0   .1  0.0   .1   .1   .1   .2
 360.0  826.9  17.5  14.0  79.8    2.5    0.0   2.5 269.1   5.4  150.800  -2.587    .4 177.3  1702.9   .3  0.0   .4   .1   .1   .2
 370.0  823.0  17.3  13.4  77.9    2.5    0.0   2.5 270.3   4.1  150.800  -2.587    .4 173.9  1744.0   .4  0.0   .2   .1   .1   .2
 380.0  819.2  17.1  13.1  77.5    2.3    -.1   2.3 273.2   4.0  150.801  -2.587    .4 170.6  1783.6   .1  0.0   .5   .2   .1   .2
 390.0  815.1  16.8  13.0  78.1    2.2    -.2   2.2 274.9   4.2  150.801  -2.587    .4 167.6  1825.8   .2  0.0   .7   .2   .1   .2
 400.0  811.1  16.6  12.5  76.7    2.1    -.1   2.1 274.0   4.3  150.801  -2.587    .4 164.8  1868.6   .4  0.0   .4   .2   .1   .2
 410.0  806.8  16.4  12.2  76.0    2.1    -.1   2.1 273.3   4.5  150.801  -2.587    .4 162.2  1913.5   .1  0.0   .4   .2   .1   .2
 420.0  803.0  16.3  12.2  76.5    1.9    -.1   1.9 271.6   4.1  150.801  -2.587    .4 159.8  1954.1   .2  0.0   .3   .2   .1   .2
 430.0  799.0  16.1  11.6  74.7    1.6     .1   1.6 268.2   4.2  150.802  -2.587    .4 157.7  1996.4   .1  0.0   .1   .1   .1   .2
 440.0  794.8  15.8  11.0  72.8    1.3     .2   1.3 261.8   4.4  150.802  -2.587    .5 155.9  2040.9   .2  0.0   .2   .1   .1   .2
 450.0  791.2  15.7  11.0  73.8     .9     .3    .9 250.7   3.9  150.802  -2.587    .5 154.6  2079.6   .2  0.0   .5   .1   .1   .2
 460.0  787.9  15.3  11.8  79.3     .4     .4    .5 221.9   3.6  150.802  -2.587    .5 153.7  2115.2  0.0  0.0   .2   .1   .1   .2
 470.0  783.9  15.0  12.0  82.2    -.2     .6    .6 158.4   4.4  150.802  -2.587    .5 153.4  2159.0   .2  0.0   .5   .1   .1   .2
 480.0  780.2  14.8  11.7  81.8    -.9     .6   1.0 124.0   3.9  150.802  -2.587    .4 153.7  2198.4   .1  0.0   .3   .1   .1   .2
 490.0  776.8  14.5  11.7  83.0   -1.5     .6   1.6 111.4   3.8  150.802  -2.587    .4 154.7  2236.4   .1  0.0  0.0   .1   .1   .2
 500.0  772.7  14.3  11.4  82.7   -2.0     .5   2.1 104.7   4.5  150.802  -2.587    .4 156.5  2281.1   .2  0.0   .4   .1   .1   .2
 510.0  768.6  14.2  11.1  81.5   -2.5     .4   2.5  99.9   4.5  150.801  -2.587    .4 159.2  2325.9   .2  0.0   .2   .1   .1   .2
 520.0  765.5  14.1  11.0  81.3   -2.7     .4   2.7  98.3   3.4  150.801  -2.587    .4 162.5  2359.9   .2  0.0  0.0   .2   .1   .2
 530.0  762.0  13.9  10.7  80.7   -2.8     .4   2.8  98.3   3.8  150.801  -2.587    .4 166.2  2398.2   .1  0.0   .3   .2   .1   .2
 540.0  758.4  13.9  10.3  78.5   -2.9     .4   2.9  98.4   4.1  150.801  -2.587    .4 170.2  2438.7  0.0  0.0   .3   .2   .1   .2
 550.0  754.7  13.9  10.1  78.1   -3.0     .4   3.1  97.4   4.1  150.800  -2.587    .4 174.7  2480.2  0.0  0.0   .1   .2   .1   .2
 560.0  751.4  13.7   9.8  77.5   -3.1     .3   3.1  95.3   3.7  150.800  -2.587    .4 179.5  2517.4   .1  0.0   .1   .2   .1   .2
 570.0  747.9  13.4   9.7  78.1   -3.2     .2   3.2  92.7   3.9  150.800  -2.587    .4 184.5  2556.2   .2  0.0   .2   .2   .1   .2
 580.0  744.5  13.3   9.4  77.5   -3.2    0.0   3.2  90.8   3.9  150.799  -2.587    .4 189.6  2594.9  0.0  0.0   .4   .2   .1   .2
 590.0  741.3  13.3   9.0  75.2   -3.2    -.1   3.2  89.0   3.7  150.799  -2.587    .4 194.4  2631.8   .1  0.0   .3   .2   .1   .2
 600.0  737.5  13.2   8.3  72.3   -3.1    0.0   3.1  89.4   4.3  150.799  -2.587    .4 199.0  2674.8   .2  0.0   .8   .2   .1   .2
 610.0  733.7  13.1   8.6  73.7   -3.0    -.1   3.0  87.5   4.4  150.799  -2.587    .4 203.2  2718.6   .1  0.0   .4   .2   .1   .2
 620.0  730.2  13.0   7.8  70.5   -3.0    -.4   3.1  83.1   4.0  150.798  -2.587    .4 206.9  2758.7   .2  0.0   .3   .2   .1   .2
 630.0  726.9  13.0   7.0  67.0   -3.1    -.7   3.1  77.8   3.8  150.798  -2.587    .4 210.3  2797.0   .2  0.0   .3   .2   .1   .2
 640.0  723.3  12.7   6.7  66.7   -3.0    -.9   3.1  72.8   4.1  150.798  -2.587    .4 213.1  2838.4   .1  0.0   .3   .2   .1   .2
 650.0  720.0  12.5   6.5  66.6   -2.9   -1.1   3.1  69.4   3.9  150.798  -2.587    .5 215.5  2877.1   .2  0.0   .2   .2   .1   .2
 660.0  716.5  12.3   6.8  68.9   -2.9   -1.2   3.2  67.4   4.1  150.797  -2.587    .5 217.4  2917.6   .1  0.0  1.9   .2   .1   .2
 670.0  713.1  12.1   6.0  66.5   -2.9   -1.3   3.2  65.9   4.0  150.797  -2.587    .5 219.1  2957.5   .2  0.0   .2   .2   .1   .2
 680.0  709.7  11.8   5.8  66.9   -2.6   -1.3   3.0  63.4   4.0  150.797  -2.587    .6 220.5  2997.4   .2  0.0   .1   .2   .1   .2
 690.0  706.0  11.4   6.0  69.2   -2.4   -1.3   2.7  61.8   4.4  150.797  -2.587    .6 221.5  3041.5   .2  0.0  1.4   .2   .1   .2
 700.0  702.7  11.1   6.2  71.3   -2.1   -1.3   2.5  59.4   4.0  150.796  -2.587    .6 222.3  3081.1   .3  0.0   .8   .2   .1   .2
 710.0  699.1  10.9   5.9  71.1   -2.1   -1.3   2.4  58.6   4.3  150.796  -2.587    .6 223.0  3124.2   .2  0.0   .6   .2   .1   .2
 720.0  695.7  10.7   5.3  69.1   -2.1   -1.3   2.5  59.1   4.0  150.796  -2.588    .7 223.6  3164.1   .1  0.0   .2   .2   .1   .2
 730.0  692.4  10.5   5.1  69.4   -2.3   -1.4   2.6  58.7   4.0  150.796  -2.588    .7 224.1  3204.5   .3  0.0   .4   .2   .1   .2
 740.0  688.2  10.2   5.5  73.0   -2.4   -1.4   2.8  60.5   5.0  150.796  -2.588    .7 224.7  3254.7   .2  0.0  1.6   .2   .1   .2
 750.0  684.8  10.0   5.0  70.8   -2.6   -1.4   3.0  61.4   4.1  150.795  -2.588    .7 225.4  3295.7   .2  0.0   .2   .2   .1   .2
 760.0  680.9   9.7   4.6  70.6   -2.7   -1.4   3.0  62.3   4.8  150.795  -2.588    .8 226.0  3344.0   .1  0.0   .2   .2   .1   .2
 770.0  677.3   9.3   4.2  70.6   -2.7   -1.3   3.0  64.6   4.4  150.795  -2.588    .8 226.7  3388.0   .2  0.0   .7   .2   .1   .2
 780.0  674.1   9.2   3.3  66.6   -2.7   -1.1   2.9  67.4   3.9  150.795  -2.588    .8 227.3  3427.2   .1  0.0  1.1   .2   .1   .2
 790.0  670.8   9.0   3.0  66.0   -2.7   -1.0   2.8  69.6   4.1  150.794  -2.588    .8 228.0  3468.1   .2  0.0   .1   .2   .1   .2
 800.0  667.4   8.6   2.9  67.4   -2.5   -1.0   2.7  69.0   4.2  150.794  -2.589    .9 228.7  3509.9   .1  0.0   .1   .2   .1   .2
 810.0  663.9   8.2   2.7  68.4   -2.4    -.9   2.6  69.5   4.4  150.794  -2.589    .9 229.3  3554.1   .1  0.0   .3   .1   .1   .2
 820.0  660.4   8.0   2.6  68.8   -2.3    -.7   2.4  73.7   4.3  150.794  -2.589    .9 229.9  3596.8   .1  0.0   .1   .1   .1   .2
 830.0  657.4   7.8   2.5  69.5   -2.4    -.5   2.4  79.1   3.8  150.793  -2.589    .9 230.6  3635.0   .1  0.0   .3   .1   .1   .2
 840.0  653.8   7.6   2.1  68.5   -2.1    0.0   2.1  89.2   4.5  150.793  -2.589   1.0 231.3  3680.4   .2  0.0   .1   .1   .1   .2
 850.0  650.4   7.5   1.9  67.8   -1.6     .4   1.7 102.8   4.2  150.793  -2.589   1.0 232.1  3722.5   .2  0.0   .1   .1   .1   .2
 860.0  647.1   7.4   1.7  67.6   -1.3     .7   1.5 118.2   4.2  150.793  -2.589   1.0 232.8  3764.5   .1  0.0   .2   .1   .1   .2
 870.0  643.7   7.1   1.4  67.2   -1.2     .8   1.5 123.4   4.5  150.793  -2.589   1.0 233.6  3809.0   .1  0.0   .1   .1   .1   .2
 880.0  640.0   6.7   1.3  68.5   -1.2     .9   1.5 125.1   4.6  150.793  -2.589   1.0 234.4  3855.3   .1  0.0   .1   .1   .1   .2
 890.0  636.6   6.2   1.2  70.2   -1.2     .9   1.5 126.2   4.4  150.793  -2.588   1.0 235.3  3899.5   .1  0.0   .2   .2   .1   .2
 900.0  632.9   5.8   1.1  71.5   -1.3     .9   1.6 124.6   4.8  150.793  -2.588   1.0 236.1  3947.6   .1  0.0   .1   .1   .1   .2
 910.0  629.2   5.4    .9  72.9   -1.5    1.0   1.8 122.4   4.9  150.792  -2.588   1.0 237.0  3996.1   .2  0.0   .1   .1   .1   .2
 920.0  625.6   5.0    .8  74.5   -1.6    1.0   1.9 123.0   4.7  150.792  -2.588   1.0 237.9  4042.7   .2  0.0  0.0   .1   .1   .2
 930.0  622.1   4.6    .7  76.0   -1.7    1.0   2.0 120.6   4.5  150.792  -2.588   1.0 238.9  4088.0   .2  0.0   .2   .1   .1   .2
 940.0  618.4   4.2    .6  77.1   -1.8    1.0   2.0 119.2   4.9  150.792  -2.588   1.0 239.9  4136.6   .1  0.0   .1   .1   .1   .2
 950.0  614.9   4.0    .5  78.3   -1.9     .8   2.0 114.3   4.7  150.792  -2.588   1.0 240.8  4183.4   .1  0.0   .1   .1   .1   .2
 960.0  611.3   3.6    .4  79.3   -1.7     .8   1.9 114.6   4.8  150.792  -2.588   1.1 241.7  4231.5   .1  0.0   .1   .2   .1   .2
 970.0  607.7   3.3   0.0  78.7   -1.4     .7   1.6 114.5   4.8  150.791  -2.588   1.1 242.4  4279.4   .1  0.0   .5   .2   .1   .2
 980.0  604.3   3.0   -.3  78.9   -1.4     .5   1.4 108.7   4.6  150.791  -2.588   1.1 243.0  4325.1   .3  0.0   .2   .2   .1   .2
 990.0  600.9   2.6   -.5  79.5   -1.2     .3   1.2 105.8   4.5  150.791  -2.588   1.1 243.5  4370.0   .1  0.0   .2   .2   .1   .2
1000.0  597.8   2.4   -.7  80.3   -1.1     .1   1.1  96.4   4.2  150.791  -2.588   1.1 243.9  4411.8   .1  0.0   .1   .2   .1   .2
1010.0  594.6   2.1   -.5  83.3    -.9    0.0    .9  90.9   4.4  150.791  -2.588   1.1 244.1  4455.7   .2  0.0   .7   .2   .1   .2
1020.0  591.5   1.7   -.4  85.4    -.6    -.1    .6  78.9   4.3  150.791  -2.588   1.1 244.3  4498.5   .1  0.0   .1   .2   .1   .2
1030.0  588.2   1.4   -.5  87.2    -.3    -.3    .4  46.6   4.5  150.791  -2.588   1.1 244.3  4543.3   .2  0.0   .1   .2   .1   .2
1040.0  585.1   1.0   -.6  88.9    -.2    -.6    .6  18.6   4.2  150.791  -2.588   1.1 244.2  4585.0   .1  0.0   .1   .2   .1   .2
1050.0  582.1    .7   -.7  89.9     .1    -.7    .7 353.2   4.2  150.791  -2.588   1.1 243.9  4626.6   .2  0.0   .4   .2   .1   .2
1060.0  579.1    .6   -.8  90.6     .5    -.7    .8 320.6   4.1  150.791  -2.588   1.1 243.5  4667.9   .1  0.0   .1   .2   .1   .2
1070.0  575.9    .3   -.8  92.2    1.0    -.4   1.1 292.1   4.5  150.791  -2.588   1.1 243.1  4712.7   .2  0.0   .1   .2   .1   .2
1080.0  572.6    .2  -1.2  90.4    1.2    -.1   1.2 275.8   4.7  150.791  -2.588   1.1 242.7  4759.3   .1  0.0   .9   .2   .1   .2
1090.0  569.6    .2  -1.5  88.7    1.0    0.0   1.0 267.5   4.2  150.791  -2.588   1.1 242.4  4801.0   .1  0.0   .2   .2   .1   .3
1100.0  566.7   -.1  -1.8  88.1     .9     .2    .9 258.0   4.2  150.791  -2.588   1.1 242.2  4842.7   .1  0.0  1.6   .2   .1   .3
1110.0  563.8   -.1  -2.6  83.1     .8     .4    .9 244.6   4.0  150.791  -2.588   1.1 242.2  4883.0   .1  0.0   .6   .2   .1   .2
1120.0  560.7   -.2  -3.1  80.8     .9     .5   1.0 239.7   4.4  150.791  -2.588   1.1 242.2  4927.0   .1  0.0  1.0   .2   .1   .2
1130.0  557.5   -.3  -3.5  79.1     .9     .7   1.2 233.7   4.6  150.792  -2.588   1.1 242.2  4973.4  0.0  0.0   .9   .2   .1   .2
1140.0  554.5   -.5  -5.2  70.5    1.3     .9   1.6 235.4   4.4  150.792  -2.588   1.1 242.3  5017.1   .1  0.0  1.5   .2   .1   .2
1150.0  551.5   -.8  -4.5  76.0    1.3    1.2   1.7 227.9   4.3  150.792  -2.588   1.0 242.5  5059.7   .1  0.0  1.4   .2   .1   .2
1160.0  548.5   -.8  -6.0  68.0    1.4    1.5   2.0 222.8   4.4  150.792  -2.588   1.0 242.8  5103.4   .1  0.0   .8   .1   .1   .2
1170.0  545.5  -1.1  -5.4  72.2    1.2    1.8   2.2 214.5   4.4  150.792  -2.587   1.0 243.3  5147.2   .2  0.0   .8   .2   .1   .2
1180.0  542.5  -1.4  -6.2  69.9    1.0    2.0   2.2 206.2   4.5  150.792  -2.587   1.0 244.0  5192.1   .1  0.0   .2   .2   .1   .2
1190.0  539.5  -1.6  -8.0  61.4     .7    2.2   2.3 198.8   4.4  150.792  -2.587   1.0 244.9  5236.5   .1  0.0   .6   .2   .1   .2
1200.0  536.5  -1.7 -10.0  52.8     .6    2.4   2.4 193.6   4.3  150.792  -2.587    .9 245.9  5279.6   .2  0.0   .9   .2   .1   .2
1210.0  533.7  -1.9 -10.7  50.8     .5    2.5   2.6 190.9   4.3  150.792  -2.587    .9 247.2  5322.6   .1  0.0   .2   .2   .1   .2
1220.0  531.0  -2.1 -10.8  51.5     .2    2.5   2.6 184.6   4.0  150.792  -2.586    .9 248.5  5362.8   .1  0.0   .2   .2   .1   .2
1230.0  528.3  -2.4 -10.9  52.0    0.0    2.6   2.6 179.1   4.0  150.792  -2.586    .9 250.0  5403.1   .1  0.0   .7   .2   .1   .2
1240.0  525.4  -2.7 -10.5  55.2    -.3    2.7   2.7 174.2   4.4  150.792  -2.586    .9 251.6  5447.1   .3  0.0   .3   .2   .1   .2
1250.0  522.4  -3.0 -10.6  55.7    -.4    2.7   2.7 171.1   4.4  150.792  -2.586    .9 253.3  5491.5   .1  0.0  1.0   .2   .1   .2
1260.0  519.7  -3.2 -10.6  56.6    -.5    2.7   2.7 169.0   4.2  150.792  -2.585    .9 255.1  5533.4   .1  0.0  1.1   .2   .1   .2
1270.0  517.2  -3.5 -10.1  60.0    -.6    2.5   2.6 167.5   3.8  150.792  -2.585    .9 256.8  5571.4   .1  0.0  1.4   .2   .1   .3
1280.0  514.4  -3.6 -11.2  55.9    -.4    2.5   2.5 169.8   4.2  150.792  -2.585    .9 258.4  5613.3   .1  0.0  1.8   .2   .1   .3
1290.0  511.8  -3.8 -11.4  55.5    -.2    2.5   2.5 174.3   4.1  150.792  -2.585    .9 260.0  5654.2   .1  0.0   .9   .2   .1   .3
1300.0  508.7  -4.0 -11.3  56.9    -.1    2.5   2.5 177.7   4.8  150.792  -2.585    .9 261.6  5701.7   .2  0.0   .2   .3   .1   .3
1310.0  505.7  -4.3 -10.9  60.2    -.2    2.5   2.5 175.7   4.7  150.792  -2.584    .9 263.2  5748.3   .1  0.0   .4   .3   .1   .3
1320.0  502.9  -4.7  -9.2  70.7    -.3    2.5   2.6 173.3   4.4  150.792  -2.584    .9 264.8  5792.2   .1  0.0  1.7   .3   .1   .3
1330.0  500.0  -5.0  -8.9  74.4   -1.0    2.4   2.6 157.8   4.6  150.792  -2.584    .9 266.4  5837.7   .1  0.0  1.1   .3   .1   .3
1340.0  497.2  -5.2 -10.7  65.0   -1.1    2.2   2.5 153.5   4.5  150.792  -2.584    .9 268.0  5882.3   .1  0.0   .2   .3   .1   .3
1350.0  494.4  -5.4 -11.7  61.2   -1.3    2.0   2.4 147.9   4.4  150.792  -2.583    .9 269.3  5926.3   .1  0.0  1.6   .3   .1   .3
1360.0  491.7  -5.7 -10.6  68.2   -1.3    1.9   2.3 145.1   4.3  150.792  -2.583    .9 270.6  5969.3   .1  0.0  1.0   .3   .1   .3
1370.0  489.1  -6.0 -11.3  66.2   -1.5    1.7   2.2 139.1   4.2  150.792  -2.583    .9 271.6  6011.6   .1  0.0  1.4   .3   .1   .3
1380.0  486.2  -6.3 -11.2  68.1   -1.8    1.5   2.3 129.0   4.6  150.791  -2.583   1.0 272.5  6058.1   .1  0.0  1.5   .3   .1   .3
1390.0  483.5  -6.5 -11.6  66.9   -2.0    1.3   2.4 123.2   4.3  150.791  -2.583   1.0 273.3  6101.5   .2  0.0   .1   .3   .1   .3
1400.0  480.5  -6.8 -12.1  65.8   -2.0    1.2   2.4 120.9   4.9  150.791  -2.583   1.0 273.9  6150.1   .1  0.0   .3   .3   .1   .3
1410.0  477.6  -7.0 -13.3  60.7   -1.6    1.2   2.0 127.4   4.8  150.791  -2.583   1.0 274.6  6197.8   .1  0.0   .3   .3   .1   .3
1420.0  474.9  -7.2 -13.2  62.2   -1.2    1.3   1.8 138.1   4.3  150.791  -2.582   1.0 275.2  6241.3   .1  0.0   .9   .3   .1   .4
1430.0  472.2  -7.5 -13.2  63.3    -.9    1.4   1.6 148.0   4.4  150.791  -2.582   1.0 275.9  6285.3   .1  0.0   .2   .4   .1   .4
1440.0  469.6  -7.7 -13.5  63.2    -.6    1.5   1.6 157.9   4.3  150.791  -2.582   1.1 276.6  6328.8   .1  0.0  1.4   .4   .1   .4
1450.0  466.8  -7.8 -14.8  57.2    -.3    1.6   1.7 168.8   4.6  150.791  -2.582   1.1 277.4  6375.1   .1  0.0   .6   .4   .1   .4
1460.0  464.3  -7.8 -15.4  54.3    0.0    1.7   1.7 178.7   4.3  150.791  -2.582   1.1 278.3  6417.8   .1  0.0   .3   .4   .1   .4
1470.0  461.7  -8.0 -15.8  53.3    -.2    1.7   1.7 174.6   4.4  150.791  -2.582   1.1 279.2  6461.3   .1  0.0   .8   .4   .1   .4
1480.0  459.0  -8.3 -15.5  56.1    -.4    1.8   1.8 168.2   4.5  150.790  -2.582   1.1 280.1  6506.7   .1  0.0   .6   .3   .1   .4
1490.0  456.3  -8.6 -16.2  53.9    -.5    1.9   1.9 165.4   4.5  150.790  -2.581   1.1 281.0  6551.4   .1  0.0   .2   .4   .1   .4
1500.0  453.8  -8.8 -17.1  51.0    -.6    1.9   2.0 161.8   4.4  150.790  -2.581   1.1 282.0  6595.0   .1  0.0   .1   .4   .1   .4
1510.0  451.2  -8.9 -18.0  47.5    -.6    2.0   2.1 162.3   4.5  150.790  -2.581   1.1 282.9  6639.6   .1  0.0   .5   .3   .1   .4
1520.0  448.6  -9.1 -18.6  46.2    -.4    2.0   2.0 168.5   4.5  150.790  -2.581   1.1 283.8  6684.2   .1  0.0   .3   .3   .1   .4
1530.0  446.0  -9.4 -18.5  47.4    0.0    2.0   2.0 179.4   4.4  150.790  -2.581   1.1 284.8  6728.1   .2  0.0   .9   .3   .1   .4
1540.0  443.5  -9.7 -19.5  44.8     .5    2.1   2.2 192.4   4.5  150.790  -2.581   1.1 285.8  6772.8   .2  0.0   .1   .3   .1   .3
1550.0  440.9 -10.0 -19.6  45.3    1.2    2.3   2.6 208.6   4.4  150.790  -2.580   1.1 287.0  6817.1   .1  0.0   .1   .3   .1   .3
1560.0  438.3 -10.5 -19.7  46.7    2.0    2.4   3.1 219.6   4.7  150.791  -2.580   1.1 288.5  6864.0   .1  0.0   .1   .3   .1   .3
1570.0  435.4 -10.8 -19.9  47.4    2.9    2.5   3.8 229.1   5.1  150.791  -2.580   1.1 290.1  6915.1   .1  0.0   .2   .3   .1   .3
1580.0  432.0 -11.2 -20.5  46.2    3.2    2.4   4.0 232.8   6.0  150.791  -2.580   1.1 291.9  6975.4   .1  0.0   .2   .3   .1   .3
1590.0  428.7 -11.7 -20.7  47.2    3.6    2.3   4.3 236.9   5.9  150.791  -2.580   1.1 293.8  7034.0  0.0  0.0   .1   .3   .1   .3
1600.0  425.9 -12.0 -21.0  47.3    4.1    2.3   4.7 241.4   4.9  150.792  -2.579   1.0 295.8  7082.8   .1  0.0   .1   .3   .1   .3
1610.0  423.4 -12.2 -21.8  44.8    4.9    2.1   5.3 247.2   4.6  150.792  -2.579   1.0 298.0  7129.1   .2  0.0   .8   .3   .1   .3
1620.0  420.8 -12.1 -25.8  31.0    5.3    1.8   5.6 251.0   4.6  150.793  -2.579   1.0 300.5  7174.8   .1  0.0   .7   .3   .1   .3
1630.0  418.4 -12.0 -29.4  22.0    5.9    1.6   6.1 254.4   4.5  150.793  -2.579    .9 303.2  7220.0   .1  0.0   .8   .3   .1   .3
1640.0  415.9 -12.0 -28.2  24.7    6.6    1.5   6.8 257.5   4.5  150.794  -2.579    .9 306.2  7264.8   .1  0.0   .3   .3   .1   .3
1650.0  413.6 -12.3 -26.8  28.7    7.4    1.3   7.5 259.8   4.2  150.794  -2.579    .8 309.9  7306.9   .1  0.0   .2   .3   .1   .3
1660.0  411.3 -12.6 -26.3  30.9    8.1    1.2   8.2 261.7   4.3  150.795  -2.578    .8 314.2  7349.8   .1  0.0   .2   .3   .1   .3
1670.0  409.0 -12.9 -25.5  33.8    8.9    1.0   9.0 263.3   4.3  150.796  -2.578    .7 319.4  7392.9  0.0  0.0   .9   .3   .1   .3
1680.0  406.8 -13.0 -26.8  30.4    9.6     .9   9.7 264.4   4.1  150.797  -2.578    .7 325.8  7434.1   .1  0.0   .4   .3   .1   .3
1690.0  404.5 -13.1 -28.2  26.9   10.2     .9  10.2 264.9   4.3  150.797  -2.578    .6 333.6  7477.2   .1  0.0   .2   .3   .1   .3
1700.0  402.1 -13.3 -30.5  22.0   10.6     .9  10.7 265.4   4.6  150.798  -2.578    .6 342.7  7523.4   .1  0.0   .1   .3   .1   .3
1710.0  399.6 -13.6 -29.3  25.4   11.0     .7  11.0 266.2   4.6  150.799  -2.578    .6 352.8  7569.3   .1  0.0   .1   .3   .1   .3
1720.0  397.3 -14.0 -26.5  34.1   11.4     .6  11.4 266.9   4.4  150.800  -2.578    .6   3.5  7613.4  0.0  0.0   .5   .3   .1   .3
1730.0  394.9 -14.3 -25.3  38.7   11.3     .5  11.3 267.6   4.7  150.801  -2.578    .6  13.9  7660.3   .1  0.0   .4   .2   .1   .3
1740.0  392.6 -14.5 -26.2  36.2   10.8     .2  10.8 269.1   4.4  150.802  -2.578    .7  23.1  7704.2   .1  0.0   .7   .1   .1   .2
1750.0  390.4 -14.4 -27.4  32.4   10.5    0.0  10.5 269.8   4.3  150.803  -2.578    .7  31.0  7747.2  0.0  0.0   .1   .1   .1   .2
1760.0  388.2 -14.6 -27.2  33.5   10.1    -.1  10.1 270.8   4.1  150.804  -2.578    .8  37.6  7788.6   .1  0.0   .2   .1   .1   .2
1770.0  385.9 -14.9 -27.8  32.4    9.9    -.2   9.9 271.3   4.5  150.805  -2.578    .8  43.1  7833.7   .1  0.0   .2   .1   .1   .2
1780.0  383.8 -15.3 -28.5  31.4    9.6    -.3   9.6 272.0   4.3  150.806  -2.578    .9  47.7  7876.5   .1  0.0   .1   .1   .1   .2
1790.0  381.5 -15.7 -28.3  32.9    9.4    -.3   9.4 271.7   4.4  150.807  -2.578   1.0  51.6  7920.6   .1  0.0   .1   .1   .1   .2
1800.0  379.4 -16.0 -27.9  35.4    9.3    -.3   9.3 271.9   4.2  150.808  -2.578   1.0  54.9  7962.9   .1  0.0   .1   .1   .1   .2
1810.0  377.2 -16.4 -28.0  36.2    9.1    -.3   9.2 272.0   4.5  150.809  -2.578   1.1  57.7  8007.5   .1  0.0   .2   .1   .1   .2
1820.0  374.8 -16.9 -27.4  39.6    8.9    -.4   8.9 272.5   4.7  150.809  -2.578   1.2  60.2  8054.1   .1  0.0   .4   .1   .1   .2
1830.0  372.4 -17.3 -27.3  41.7    8.6    -.4   8.6 272.7   4.8  150.810  -2.578   1.3  62.3  8101.9   .1  0.0   .2   .2   .1   .2
1840.0  370.3 -17.7 -27.7  41.1    8.3    -.5   8.3 273.4   4.3  150.811  -2.578   1.3  64.2  8144.9   .2  0.0   .1   .2   .1   .2
1850.0  368.0 -18.1 -28.0  41.5    7.8    -.6   7.9 274.5   4.6  150.812  -2.578   1.4  65.8  8190.8   .2   .1   .1   .2   .1   .2
1860.0  365.7 -18.5 -28.7  40.4    7.4    -.7   7.5 275.3   4.7  150.812  -2.578   1.5  67.2  8237.7   .1  0.0   .1   .2   .1   .2
1870.0  363.3 -18.8 -31.1  33.2    7.0    -.8   7.1 276.3   4.9  150.813  -2.578   1.5  68.5  8286.8   .1  0.0   .5   .2   .1   .2
1880.0  361.1 -19.0 -34.1  25.3    6.9    -.9   6.9 277.8   4.6  150.814  -2.578   1.6  69.7  8333.0   .1  0.0  1.0   .1   .1   .2
1890.0  358.7 -19.3 -33.9  26.2    6.7   -1.1   6.8 279.5   4.9  150.814  -2.578   1.7  70.8  8381.5   .3  0.0   .2   .2   .1   .2
1900.0  356.8 -19.6 -33.2  28.8    6.7   -1.2   6.8 280.1   4.1  150.815  -2.579   1.7  71.9  8422.6  0.0  0.0  0.0   .1   .1   .2
1910.0  354.3 -20.0 -32.8  30.9    6.7   -1.4   6.8 281.9   5.1  150.815  -2.579   1.8  73.0  8473.9   .2  0.0   .9   .2   .2   .2
1920.0  352.1 -20.2 -36.0  23.1    6.7   -1.5   6.9 282.8   4.7  150.816  -2.579   1.8  74.0  8520.6   .1   .1   .7   .2   .2   .3
1930.0  349.9 -20.5 -38.2  19.0    6.7   -1.6   6.9 283.7   4.6  150.817  -2.579   1.9  75.0  8566.4   .1  0.0   .2   .2   .2   .3
1940.0  347.7 -20.9 -39.4  17.3    6.8   -1.8   7.0 284.8   4.6  150.817  -2.579   2.0  76.0  8612.6   .1  0.0   .1   .2   .2   .3
1950.0  345.6 -21.3 -39.6  17.6    6.7   -1.9   6.9 286.2   4.5  150.818  -2.579   2.0  77.0  8657.6   .1  0.0   .1   .2   .1   .3
1960.0  343.3 -21.7 -39.7  18.0    6.6   -2.2   6.9 288.4   4.9  150.818  -2.579   2.1  78.0  8706.3   .1  0.0   .1   .2   .1   .3
1970.0  341.2 -22.2 -40.5  17.2    6.5   -2.4   6.9 290.4   4.5  150.819  -2.580   2.1  78.9  8751.3   .1  0.0   .2   .2   .1   .3
1980.0  339.0 -22.5 -42.4  14.6    6.3   -2.6   6.9 292.1   4.9  150.820  -2.580   2.2  79.9  8800.6   .2  0.0   .1   .2   .1   .3
1990.0  337.0 -22.8 -43.2  13.8    6.2   -2.8   6.8 294.5   4.3  150.820  -2.580   2.3  80.8  8843.9   .1  0.0   .2   .2   .1   .3
2000.0  334.8 -23.1 -42.5  15.2    5.9   -3.1   6.7 297.6   4.6  150.821  -2.580   2.3  81.8  8890.2  0.0   .2   .4   .2   .1   .3
2010.0  333.0 -23.5 -43.1  14.8    5.6   -3.3   6.5 300.6   4.1  150.821  -2.581   2.4  82.8  8931.5   .3  0.0   .4   .2   .1   .3
2020.0  330.6 -23.8 -44.1  13.7    5.6   -3.4   6.5 301.2   5.2  150.822  -2.581   2.4  83.7  8983.3   .1  0.0   .1   .3   .1   .3
2030.0  328.5 -24.2 -44.6  13.3    5.6   -3.6   6.6 302.9   4.6  150.822  -2.581   2.5  84.6  9029.3   .1  0.0   .1   .4   .1   .4
2040.0  326.4 -24.5 -43.5  15.5    5.8   -3.6   6.8 302.0   4.6  150.823  -2.582   2.5  85.6  9075.7   .1   .1  1.0   .4   .1   .4
2050.0  324.3 -25.0 -38.1  28.7    5.8   -3.6   6.8 302.0   4.9  150.823  -2.582   2.6  86.5  9124.4   .1  0.0   .6   .3   .1   .4
2060.0  322.2 -25.4 -33.5  46.7    5.8   -3.6   6.8 301.6   4.6  150.824  -2.582   2.6  87.3  9170.4  0.0  0.0  1.1   .3   .1   .4
2070.0  320.0 -25.7 -31.1  60.4    6.0   -3.4   6.9 299.9   5.1  150.824  -2.583   2.7  88.1  9220.9   .1  0.0   .9   .4   .1   .4
2080.0  318.0 -26.1 -30.4  67.1    5.7   -3.4   6.7 301.0   4.4  150.825  -2.583   2.8  88.9  9264.6  0.0  0.0   .1   .4   .1   .4
2090.0  315.8 -26.4 -31.9  60.0    5.6   -3.5   6.6 301.7   5.1  150.825  -2.583   2.8  89.6  9315.4   .1  0.0   .5   .4   .1   .4
2100.0  313.7 -26.7 -32.1  60.1    5.4   -3.4   6.4 302.2   4.8  150.826  -2.583   2.9  90.3  9363.4  0.0   .1   .4   .4   .1   .4
2110.0  311.7 -27.0 -32.0  62.7    5.2   -3.4   6.2 302.8   4.7  150.826  -2.584   2.9  91.0  9410.6   .1  0.0   .1   .4   .1   .4
2120.0  309.5 -27.5 -32.0  65.2    5.1   -3.4   6.1 303.7   5.1  150.827  -2.584   3.0  91.6  9461.3   .1  0.0   .5   .3   .1   .4
2130.0  307.4 -27.8 -32.2  66.2    4.8   -3.3   5.8 304.2   4.9  150.827  -2.584   3.0  92.2  9510.1   .1  0.0   .3   .3   .1   .3
2140.0  305.4 -28.1 -32.7  65.1    4.7   -3.2   5.7 304.2   4.7  150.828  -2.585   3.1  92.8  9557.3   .1  0.0   .2   .3   .1   .3
2150.0  303.2 -28.5 -34.3  57.3    4.9   -3.1   5.8 302.0   5.2  150.828  -2.585   3.1  93.3  9609.2   .1  0.0   .6   .3   .1   .3
2160.0  300.8 -28.9 -36.8  46.4    5.2   -3.0   6.0 300.2   5.6  150.829  -2.585   3.2  93.8  9664.8  0.0  0.0   .1   .3   .1   .3
2170.0  298.8 -29.4 -38.9  39.0    5.3   -2.9   6.0 298.6   4.8  150.829  -2.585   3.2  94.3  9713.0   .1  0.0   .3   .3   .1   .3
2180.0  296.9 -29.7 -41.9  29.8    5.3   -2.7   5.9 296.8   4.7  150.829  -2.586   3.3  94.7  9759.8   .1  0.0   .2   .3   .1   .3
2190.0  294.9 -30.1 -43.0  27.3    5.4   -2.5   5.9 294.7   4.8  150.830  -2.586   3.3  95.0  9808.0   .1  0.0   .7   .3   .1   .3
2200.0  292.7 -30.6 -40.6  36.9    5.4   -2.3   5.9 292.7   5.2  150.830  -2.586   3.4  95.3  9860.3   .1  0.0  1.1   .3   .1   .3
2210.0  290.6 -31.0 -40.0  41.2    5.2   -2.1   5.6 291.9   5.1  150.831  -2.586   3.4  95.6  9911.3   .1  0.0   .8   .3   .1   .3
2220.0  288.4 -31.5 -37.9  53.0    5.0   -2.0   5.3 291.6   5.3  150.831  -2.587   3.5  95.9  9964.6   .1  0.0   .6   .3   .1   .3
2230.0  286.5 -31.8 -37.2  58.7    4.7   -1.9   5.0 291.8   4.7  150.832  -2.587   3.6  96.1 10012.0   .3  0.0   .5   .3   .1   .3
2240.0  284.3 -32.0 -37.7  57.0    4.1   -1.8   4.5 293.5   5.4  150.832  -2.587   3.6  96.3 10066.1   .1  0.0   .2   .3   .1   .3
2250.0  282.2 -32.4 -38.1  57.0    3.6   -1.8   4.0 297.3   5.4  150.833  -2.587   3.6  96.5 10119.8   .1  0.0   .1   .3   .1   .3
2260.0  280.2 -32.8 -39.2  52.9    3.1   -2.0   3.7 302.4   4.8  150.833  -2.587   3.7  96.8 10168.0   .1  0.0   .5   .3   .1   .3
2270.0  278.3 -33.2 -41.5  43.0    2.8   -2.0   3.5 305.7   4.9  150.833  -2.587   3.7  97.0 10217.2   .1  0.0   .2   .3   .1   .3
2280.0  276.2 -33.6 -42.9  38.5    2.7   -2.0   3.3 307.0   5.1  150.833  -2.588   3.7  97.3 10268.6  0.0  0.0   .6   .3   .1   .3
2290.0  274.4 -34.0 -42.3  43.1    2.7   -1.9   3.3 306.3   4.8  150.834  -2.588   3.8  97.5 10316.4   .1  0.0  1.2   .4   .1   .4
2300.0  272.5 -34.3 -43.4  39.3    2.9   -1.9   3.4 303.9   4.8  150.834  -2.588   3.8  97.8 10364.3   .1  0.0   .1   .4   .1   .4
2310.0  270.8 -34.6 -45.1  33.8    2.8   -1.9   3.4 304.0   4.5  150.834  -2.588   3.8  98.0 10408.8   .2  0.0   .2   .4   .1   .4
2320.0  269.1 -35.0 -46.8  29.0    2.9   -1.9   3.5 302.4   4.4  150.834  -2.588   3.9  98.2 10452.9   .1  0.0   .1   .4   .1   .4
2330.0  267.4 -35.3 -48.2  25.6    3.7   -2.4   4.5 303.0   4.2  150.835  -2.588   3.9  98.4 10494.8   .1  0.0   .1   .3   .2   .3
2340.0  265.7 -35.7 -48.9  24.5    3.8   -2.3   4.4 301.2   4.6  150.835  -2.589   3.9  98.7 10540.3   .1  0.0   .1   .3   .2   .3
2350.0  264.1 -36.1 -49.4  24.1    4.2   -2.3   4.8 298.7   4.2  150.835  -2.589   4.0  98.9 10582.8  0.0  0.0   .1   .2   .1   .3
2360.0  262.4 -36.6 -49.8  24.1    4.4   -2.2   5.0 296.5   4.4  150.836  -2.589   4.0  99.2 10627.0   .2  0.0   .1   .2   .1   .3
2370.0  260.5 -37.0 -50.1  24.5    4.7   -2.1   5.1 294.0   5.0  150.836  -2.589   4.1  99.4 10677.0   .1  0.0   .2   .2   .1   .2
2380.0  258.7 -37.5 -50.1  25.5    5.1   -1.9   5.4 290.4   4.8  150.837  -2.589   4.1  99.5 10725.0  0.0  0.0   .1   .2   .1   .3
2390.0  256.8 -37.9 -50.1  26.7    5.7   -1.7   6.0 286.3   5.1  150.837  -2.590   4.2  99.6 10776.3   .1  0.0   .1   .2   .1   .3
2400.0  255.1 -38.2 -50.2  27.4    6.1   -1.4   6.2 282.7   4.6  150.838  -2.590   4.2  99.7 10822.2  0.0  0.0   .1   .2   .1   .3
2410.0  253.4 -38.7 -50.4  28.1    6.6   -1.1   6.6 279.2   4.7  150.838  -2.590   4.3  99.7 10869.0  0.0  0.0  0.0   .3   .1   .3
2420.0  251.7 -39.1 -50.8  27.9    7.1    -.7   7.1 275.5   4.4  150.839  -2.590   4.4  99.7 10912.6  0.0  0.0   .1   .3   .1   .3
2430.0  250.2 -39.5 -51.4  26.8    7.6    -.3   7.6 272.2   4.2  150.839  -2.590   4.4  99.6 10954.5   .1  0.0   .2   .3   .1   .3
2440.0  248.6 -39.9 -51.5  28.0    8.1     .1   8.1 269.0   4.4  150.840  -2.590   4.5  99.4 10998.8   .1  0.0   .2   .2   .1   .3
2450.0  247.0 -40.3 -51.5  28.9    8.4     .5   8.5 266.6   4.4  150.841  -2.590   4.6  99.2 11042.6   .1  0.0   .3   .2   .1   .2
2460.0  245.2 -40.7 -51.2  31.6    8.5     .9   8.5 264.2   4.9  150.842  -2.590   4.7  99.0 11091.7  0.0  0.0   .1   .2   .1   .2
2470.0  243.6 -41.2 -50.8  34.5    8.3    1.2   8.4 261.6   4.6  150.842  -2.590   4.8  98.7 11137.6   .1  0.0   .2   .2   .1   .2
2480.0  242.0 -41.6 -50.2  38.7    8.0    1.6   8.1 258.9   4.4  150.843  -2.590   4.8  98.4 11181.4  0.0  0.0   .1   .2   .1   .2
2490.0  240.4 -41.8 -50.1  40.3    7.7    1.8   7.9 256.9   4.4  150.844  -2.590   4.9  98.1 11225.5   .1  0.0   .4   .2   .1   .2
2500.0  238.9 -42.1 -50.9  37.5    7.3    2.0   7.6 255.0   4.4  150.845  -2.589   5.0  97.7 11269.7  0.0  0.0   .2   .2   .1   .2
2510.0  237.1 -42.4 -51.5  36.4    6.8    2.1   7.1 252.6   5.0  150.845  -2.589   5.1  97.4 11319.9   .2  0.0   .1   .2   .1   .2
2520.0  235.1 -42.9 -52.0  36.0    6.2    2.3   6.7 249.8   5.7  150.846  -2.589   5.1  97.1 11377.4   .1  0.0   .1   .2   .1   .2
2530.0  233.4 -43.4 -52.6  35.5    5.8    2.4   6.2 247.3   4.9  150.846  -2.589   5.2  96.7 11425.9   .1  0.0   .1   .2   .1   .2
2540.0  231.8 -43.8 -53.0  35.3    5.5    2.6   6.1 245.2   4.8  150.847  -2.589   5.2  96.4 11473.7   .1  0.0   .1   .2   .1   .2
2550.0  230.0 -44.3 -53.7  34.4    5.6    2.6   6.2 244.9   5.1  150.847  -2.588   5.3  96.0 11524.7   .1  0.0   .2   .2   .1   .2
2560.0  228.4 -44.7 -54.6  31.9    5.9    2.7   6.5 245.1   4.6  150.848  -2.588   5.3  95.7 11571.0   .1  0.0   .1   .2   .1   .2
2570.0  226.6 -45.1 -55.5  30.2    6.0    2.8   6.6 244.7   5.3  150.848  -2.588   5.4  95.3 11624.4  0.0  0.0   .1   .2   .1   .3
2580.0  225.0 -45.6 -56.5  28.1    5.9    2.8   6.6 244.4   4.8  150.849  -2.588   5.5  95.0 11672.4   .1  0.0   .1   .2   .1   .3
2590.0  223.4 -46.0 -57.4  26.3    6.1    2.7   6.7 246.1   4.7  150.849  -2.587   5.5  94.6 11719.0   .1  0.0   .1   .2   .1   .3
2600.0  221.8 -46.4 -58.1  25.5    6.2    2.6   6.7 247.5   4.9  150.850  -2.587   5.6  94.3 11767.9  0.0  0.0   .1   .2   .1   .3
2610.0  220.1 -46.9 -58.5  25.3    6.1    2.4   6.6 248.9   5.1  150.851  -2.587   5.6  94.0 11818.6   .1  0.0   .1   .2   .1   .3
2620.0  218.4 -47.3 -58.8  25.6    6.2    2.4   6.7 248.6   5.0  150.851  -2.587   5.7  93.7 11868.5   .1  0.0   .1   .2   .1   .2
2630.0  216.7 -47.8 -59.0  26.2    6.8    2.4   7.2 250.8   5.1  150.852  -2.586   5.8  93.4 11919.3  0.0  0.0   .1   .2   .1   .2
2640.0  215.1 -48.2 -59.3  26.8    7.1    2.4   7.5 251.3   5.0  150.852  -2.586   5.8  93.2 11969.4   .1  0.0   .1   .2   .1   .2
2650.0  213.5 -48.7 -59.5  27.4    7.8    2.4   8.2 253.1   5.0  150.853  -2.586   5.9  92.9 12019.9   .1  0.0   .1   .2   .1   .2
2660.0  211.9 -49.1 -59.6  28.2    8.4    2.3   8.7 254.4   4.9  150.854  -2.586   6.0  92.6 12068.6   .1  0.0   .1   .2   .1   .2
2670.0  210.3 -49.6 -59.7  29.4    8.9    2.4   9.2 255.1   5.0  150.855  -2.586   6.1  92.4 12118.5   .1  0.0   .1   .2   .1   .2
2680.0  208.8 -50.0 -59.8  30.7    9.4    2.4   9.7 255.4   4.5  150.855  -2.585   6.1  92.1 12163.6   .1  0.0   .1   .2   .1   .2
2690.0  207.2 -50.5 -60.0  31.6    9.6    2.6  10.0 254.8   5.2  150.856  -2.585   6.2  91.8 12215.2  0.0  0.0  0.0   .2   .1   .2
2700.0  205.6 -50.9 -60.2  32.4    9.8    2.7  10.1 254.8   5.0  150.857  -2.585   6.3  91.6 12265.4  0.0  0.0   .1   .2   .1   .2
2710.0  203.9 -51.4 -60.5  32.9    9.6    2.6   9.9 254.7   5.4  150.858  -2.585   6.4  91.3 12319.2   .1  0.0  0.0   .2   .1   .2
2720.0  202.3 -51.8 -60.8  33.1    9.4    2.7   9.8 253.9   5.2  150.859  -2.584   6.5  91.1 12371.3  0.0  0.0   .1   .2   .1   .2
2730.0  200.9 -52.2 -61.1  33.4    9.1    2.7   9.5 253.3   4.6  150.860  -2.584   6.6  90.8 12416.9   .1  0.0   .1   .2   .1   .2
2740.0  199.2 -52.7 -61.5  33.4    8.7    2.8   9.1 252.2   5.3  150.860  -2.584   6.7  90.6 12469.7   .1  0.0   .1   .2   .1   .2
2750.0  197.6 -53.1 -62.0  33.1    8.2    2.8   8.7 250.9   5.4  150.861  -2.584   6.8  90.3 12523.2   .1  0.0   .1   .2   .1   .2
2760.0  196.0 -53.5 -62.4  32.7    7.7    2.9   8.2 249.7   5.0  150.862  -2.583   6.9  90.1 12572.9   .1  0.0   .1   .2   .1   .2
2770.0  194.6 -53.8 -62.8  32.5    7.0    2.9   7.5 247.3   4.9  150.863  -2.583   6.9  89.8 12622.0  0.0  0.0   .1   .2   .1   .2
2780.0  193.0 -54.3 -63.2  32.6    6.2    3.0   6.9 244.6   5.2  150.863  -2.583   7.0  89.6 12674.3   .1  0.0  0.0   .2   .1   .2
2790.0  191.4 -54.7 -63.5  33.0    5.6    3.0   6.3 242.0   5.3  150.864  -2.583   7.1  89.4 12727.6   .1  0.0   .1   .2   .1   .2
2800.0  189.9 -55.3 -63.9  33.5    5.1    2.9   5.8 240.4   5.1  150.864  -2.582   7.1  89.1 12778.3   .1  0.0   .1   .2   .1   .2
2810.0  188.3 -55.8 -64.2  34.2    4.5    2.9   5.3 237.6   5.3  150.865  -2.582   7.2  88.9 12831.5  0.0  0.0  0.0   .2   .1   .3
2820.0  186.8 -56.3 -64.5  34.9    4.2    2.8   5.0 236.3   5.1  150.865  -2.582   7.2  88.7 12882.8   .1  0.0   .1   .2   .1   .3
2830.0  185.3 -56.8 -64.7  35.9    4.0    2.7   4.8 235.9   5.2  150.865  -2.582   7.3  88.5 12934.6   .1  0.0   .1   .3   .2   .3
2840.0  183.7 -57.3 -65.0  36.8    3.9    2.6   4.7 235.9   5.2  150.866  -2.581   7.3  88.3 12986.8   .1  0.0   .1   .3   .2   .3
2850.0  182.2 -57.8 -65.3  37.8    4.0    2.6   4.8 237.2   5.2  150.866  -2.581   7.3  88.1 13038.9   .1  0.0   .1   .3   .2   .3
2860.0  180.7 -58.3 -65.5  38.8    4.2    2.7   5.0 237.8   5.2  150.866  -2.581   7.4  87.9 13090.6   .1  0.0   .1   .3   .2   .3
2870.0  179.3 -58.7 -65.8  39.6    4.6    2.7   5.4 239.4   5.1  150.867  -2.581   7.4  87.7 13141.8  0.0  0.0   .1   .2   .2   .3
2880.0  177.7 -59.0 -66.0  39.8    5.1    2.8   5.8 240.7   5.4  150.867  -2.580   7.5  87.5 13195.3  0.0  0.0   .1   .2   .1   .3
2890.0  176.4 -59.3 -66.3  40.0    5.8    2.9   6.5 243.4   4.9  150.868  -2.580   7.5  87.3 13244.3   .1  0.0  0.0   .2   .1   .2
2900.0  174.9 -59.7 -66.5  40.7    6.3    2.7   6.9 246.5   5.2  150.868  -2.580   7.6  87.1 13296.6   .1  0.0  0.0   .2   .1   .2
2910.0  173.4 -60.0 -66.7  41.2    6.9    2.9   7.5 247.5   5.3  150.869  -2.580   7.7  86.9 13349.6  0.0  0.0   .1   .2   .1   .2
2920.0  172.0 -60.3 -66.9  41.5    7.8    2.5   8.2 252.6   5.1  150.870  -2.579   7.7  86.8 13400.2   .1  0.0   .1   .3   .1   .4
2930.0  170.6 -60.7 -67.3  41.6    8.3    2.6   8.7 252.3   5.2  150.870  -2.579   7.8  86.6 13452.1  0.0  0.0  0.0   .3   .1   .4
2940.0  169.0 -61.2 -67.7  41.7    8.7    2.9   9.2 251.6   5.7  150.871  -2.579   7.9  86.4 13509.6   .1  0.0   .1   .4   .1   .4
2950.0  167.6 -61.6 -68.1  41.9    9.1    3.2   9.6 250.6   5.0  150.872  -2.579   8.0  86.3 13559.6  0.0  0.0   .1   .4   .1   .4
2960.0  166.1 -62.1 -68.5  42.3    9.4    3.4  10.0 250.0   5.6  150.873  -2.578   8.1  86.1 13615.5  0.0  0.0   .1   .4   .1   .4
2970.0  164.8 -62.6 -68.9  42.8    9.4    3.6  10.1 248.8   5.1  150.874  -2.578   8.2  85.9 13666.9  0.0  0.0   .1   .4   .1   .4
2980.0  163.4 -63.1 -69.2  43.2    9.4    3.9  10.2 247.7   5.2  150.874  -2.578   8.3  85.7 13718.7   .1  0.0   .1   .4   .1   .4
2990.0  162.0 -63.6 -69.6  43.7    9.3    4.1  10.1 246.0   5.4  150.875  -2.577   8.4  85.4 13772.4  0.0  0.0   .1   .4   .1   .4
3000.0  160.6 -64.1 -70.0  44.1    9.2    4.5  10.2 244.1   5.1  150.876  -2.577   8.5  85.2 13823.7  0.0  0.0   .1   .4   .1   .4
3010.0  159.3 -64.5 -70.4  44.5    8.8    4.8  10.0 241.4   5.1  150.877  -2.577   8.6  84.9 13874.5   .1  0.0   .1   .4   .1   .4
3020.0  157.9 -65.0 -70.8  44.7    8.4    5.0   9.8 239.3   5.1  150.878  -2.576   8.7  84.7 13925.7  0.0  0.0   .1   .4   .1   .4
3030.0  156.7 -65.3 -71.1  44.8    8.0    5.2   9.5 237.1   4.9  150.878  -2.576   8.7  84.4 13974.8  0.0  0.0   .1   .4   .1   .4
3040.0  155.2 -65.7 -71.4  44.8    7.6    5.3   9.3 235.2   5.6  150.879  -2.575   8.8  84.1 14031.2   .1  0.0   .1   .4   .1   .4
3050.0  153.9 -66.0 -71.7  44.7    7.2    5.5   9.1 232.9   5.4  150.880  -2.575   8.9  83.8 14085.1  0.0  0.0   .1   .3   .1   .4
3060.0  152.4 -66.5 -72.2  44.6    7.3    5.5   9.2 232.8   5.7  150.880  -2.574   9.0  83.5 14141.7   .1  0.0   .1   .4   .1   .4
3070.0  151.0 -66.9 -72.5  44.5    7.3    5.5   9.2 233.0   5.6  150.881  -2.574   9.1  83.2 14197.6   .1  0.0  0.0   .4   .1   .4
3080.0  149.8 -67.3 -73.0  44.5    7.3    5.5   9.2 233.2   5.0  150.882  -2.573   9.1  82.9 14248.0   .1  0.0   .1   .3   .1   .4
3090.0  148.4 -67.8 -73.4  44.5    7.2    5.5   9.1 232.8   5.4  150.882  -2.573   9.2  82.6 14302.1  0.0  0.0   .1   .3   .1   .3
3100.0  147.0 -68.3 -73.9  44.7    6.9    5.4   8.8 231.8   5.9  150.883  -2.572   9.3  82.4 14361.0   .1  0.0   .2   .3   .1   .3
3110.0  145.6 -68.8 -74.4  44.6    6.8    5.4   8.7 231.3   5.7  150.884  -2.572   9.4  82.1 14417.5   .1  0.0   .1   .3   .1   .3
3120.0  144.2 -69.3 -74.8  44.4    6.7    5.4   8.7 231.2   5.7  150.884  -2.571   9.5  81.8 14474.3   .1  0.0   .1   .3   .1   .3
3130.0  143.0 -69.7 -75.2  44.4    7.1    5.3   8.9 233.1   5.2  150.885  -2.571   9.5  81.6 14526.4   .1  0.0   .1   .3   .1   .3
3140.0  141.7 -70.0 -75.5  44.4    7.2    5.2   8.9 234.4   5.4  150.885  -2.570   9.6  81.3 14580.6  0.0  0.0   .1   .3   .1   .3
3150.0  140.3 -70.2 -75.7  44.5    7.3    5.0   8.8 235.7   5.6  150.886  -2.570   9.7  81.1 14636.5   .1  0.0   .1   .3   .1   .3
3160.0  139.0 -70.5 -76.0  44.6    7.4    4.8   8.8 237.1   5.7  150.887  -2.569   9.8  80.9 14693.7  0.0  0.0   .1   .3   .1   .3
3170.0  137.7 -71.0 -76.4  44.9    7.6    4.7   8.9 238.3   5.6  150.887  -2.569   9.8  80.7 14749.5  0.0  0.0   .1   .3   .1   .3
3180.0  136.3 -71.5 -76.8  45.1    7.8    4.6   9.0 239.4   5.9  150.888  -2.569   9.9  80.5 14808.7  0.0  0.0   .1   .3   .1   .3
3190.0  135.1 -72.0 -77.3  45.2    8.1    4.6   9.3 240.6   5.5  150.889  -2.568  10.0  80.3 14863.2   .1  0.0  0.0   .4   .1   .4
3200.0  133.8 -72.5 -77.7  45.5    8.5    4.6   9.6 241.7   5.5  150.890  -2.568  10.1  80.1 14917.8   .1  0.0   .1   .3   .1   .4
3210.0  132.5 -73.1 -78.2  45.8    8.3    4.5   9.4 241.5   5.6  150.890  -2.567  10.2  79.9 14974.0  0.0  0.0   .1   .3   .1   .3
3220.0  131.3 -73.6 -78.6  45.8    8.1    4.4   9.2 241.4   5.4  150.891  -2.567  10.3  79.8 15027.7  0.0  0.0   .1   .3   .1   .3
3230.0  130.1 -74.0 -79.1  46.0    7.7    4.3   8.8 240.7   5.5  150.892  -2.567  10.4  79.6 15083.1  0.0  0.0   .1   .3   .1   .3
3240.0  128.9 -74.5 -79.5  45.8    7.3    4.3   8.5 239.6   5.3  150.893  -2.566  10.5  79.5 15136.5   .1  0.0   .1   .3   .1   .3
3250.0  127.6 -74.9 -79.9  45.9    7.2    4.3   8.4 238.9   5.7  150.893  -2.566  10.5  79.3 15193.9   .2  0.0   .1   .3   .1   .3
3260.0  126.4 -75.4 -80.3  46.0    7.1    4.3   8.3 238.7   5.6  150.894  -2.565  10.6  79.1 15249.6   .1  0.0   .2   .3   .1   .3
3270.0  125.3 -75.8 -80.8  46.0    7.2    4.3   8.4 239.1   5.2  150.894  -2.565  10.7  79.0 15301.6   .1  0.0   .1   .3   .1   .3
3280.0  124.2 -76.3 -81.2  46.0    7.4    4.3   8.6 239.8   5.2  150.895  -2.565  10.8  78.8 15353.2  0.0  0.0   .1   .3   .1   .3
3290.0  123.0 -76.7 -81.5  46.0    7.8    4.4   8.9 240.7   5.4  150.896  -2.564  10.9  78.7 15406.9  0.0  0.0   .1   .3   .1   .3
3300.0  121.8 -77.0 -81.9  45.8    8.2    4.3   9.3 242.2   5.6  150.897  -2.564  10.9  78.5 15462.8   .1  0.0   .1   .3   .1   .3
3310.0  120.7 -77.4 -82.3  45.7    8.4    4.2   9.4 243.1   5.2  150.897  -2.563  11.0  78.4 15514.8  0.0  0.0  0.0   .3   .1   .3
3320.0  119.5 -77.8 -82.7  45.6    8.7    4.2   9.6 244.4   5.8  150.898  -2.563  11.1  78.3 15572.5  0.0  0.0   .1   .3   .1   .3
3330.0  118.4 -78.3 -83.2  45.4    8.9    4.1   9.8 245.3   5.3  150.899  -2.563  11.2  78.2 15625.3   .1  0.0   .1   .3   .1   .3
3340.0  117.3 -78.8 -83.6  45.3    9.1    4.0   9.9 246.1   5.4  150.900  -2.562  11.3  78.1 15678.9   .1  0.0   .1   .3   .1   .3
3350.0  116.3 -79.2 -84.1  45.0    8.9    3.9   9.8 246.3   4.9  150.900  -2.562  11.4  78.0 15728.1  0.0  0.0   .1   .3   .1   .4
3360.0  115.2 -79.7 -84.6  44.9    8.9    3.8   9.7 247.1   5.4  150.901  -2.562  11.5  77.9 15781.8  0.0  0.0  0.0   .4   .1   .4
3370.0  114.1 -80.1 -84.9  44.7    9.0    3.6   9.7 248.3   5.4  150.902  -2.561  11.6  77.8 15835.3   .1  0.0   .1   .4   .1   .4
3380.0  113.1 -80.3 -85.1  44.6    9.1    3.5   9.7 249.1   5.0  150.903  -2.561  11.7  77.7 15885.2  0.0  0.0   .1   .4   .1   .4
3390.0  112.1 -80.5 -85.3  44.6    8.9    3.3   9.5 249.8   5.0  150.904  -2.561  11.8  77.6 15935.0   .1  0.0  0.0   .4   .1   .4
3400.0  111.1 -80.8 -85.6  44.4    8.3    3.2   8.8 248.9   5.1  150.904  -2.560  11.9  77.6 15985.8  0.0  0.0   .1   .4   .1   .4
3410.0  110.1 -81.1 -85.9  44.2    7.5    3.0   8.1 247.9   5.1  150.905  -2.560  12.0  77.5 16036.6  0.0  0.0   .1   .4   .1   .4
3420.0  109.1 -81.3 -86.2  44.1    7.2    2.9   7.8 247.9   5.0  150.906  -2.560  12.0  77.5 16086.1   .1  0.0   .1   .4   .1   .4
3430.0  108.1 -81.6 -86.4  44.0    6.6    2.9   7.3 246.4   5.2  150.906  -2.560  12.1  77.4 16138.2   .1  0.0   .1   .3   .1   .3
3440.0  107.2 -81.9 -86.8  43.9    5.9    3.0   6.6 243.2   5.0  150.907  -2.559  12.2  77.3 16188.3  0.0  0.0   .1   .3   .1   .3
3450.0  106.2 -82.3 -87.1  43.7    5.5    3.1   6.3 240.2   5.3  150.908  -2.559  12.2  77.2 16241.5  0.0  0.0   .1   .4   .1   .4
3460.0  105.1 -82.6 -87.5  43.6    4.7    3.2   5.7 235.4   5.7  150.908  -2.559  12.3  77.1 16298.2  0.0  0.0   .1   .4   .1   .4
3470.0  104.1 -82.8 -87.7  43.4    3.9    3.4   5.1 228.9   5.1  150.908  -2.558  12.4  77.0 16349.0  0.0  0.0   .1   .4   .1   .4
3480.0  103.2 -83.0 -87.9  43.3    2.9    3.4   4.5 220.4   5.2  150.909  -2.558  12.4  76.9 16401.3   .1  0.0   .1   .3   .1   .3
3490.0  102.2 -83.4 -88.3  43.3    2.0    3.5   4.0 209.7   5.5  150.909  -2.558  12.4  76.8 16455.9  0.0  0.0   .1   .3   .1   .3
3500.0  101.2 -83.6 -88.5  43.1    1.1    3.6   3.7 196.5   5.1  150.909  -2.557  12.4  76.7 16507.2  0.0  0.0   .1   .3   .1   .3
3510.0  100.2 -83.8 -88.7  43.0     .3    3.7   3.7 184.5   5.4  150.909  -2.557  12.5  76.5 16560.8  0.0  0.0  0.0   .3   .1   .3
3520.0   99.2 -83.6 -88.5  42.9    -.2    3.8   3.9 176.5   5.7  150.909  -2.557  12.5  76.3 16618.1  0.0   .1   .1   .3   .1   .3
3530.0   97.7 -82.0 -87.0  43.0    -.7    3.8   3.9 170.1   8.3  150.909  -2.556  12.5  76.1 16701.2 88.0 88.0 88.0   .4   .1   .4
3540.0   96.8 -81.1 -86.1  43.1   -1.2    3.7   3.9 162.2   5.5  150.909  -2.556  12.5  76.0 16755.7  0.0  0.0   .1   .4   .1   .4
3550.0   95.9 -80.4 -85.4  43.3   -1.8    3.6   4.0 153.5   5.1  150.909  -2.556  12.5  75.8 16806.4  0.0  0.0   .1   .4   .1   .5
3560.0   95.1 -80.3 -85.3  43.5   -2.4    3.4   4.2 144.7   5.2  150.909  -2.555  12.5  75.6 16858.2  0.0  0.0   .1   .5   .1   .5
3570.0   94.2 -80.6 -85.6  43.4   -2.9    3.2   4.3 137.7   4.8  150.908  -2.555  12.4  75.4 16906.2   .1  0.0   .1   .4   .1   .5
3580.0   93.4 -81.0 -86.0  43.2   -3.2    2.9   4.3 132.3   4.8  150.908  -2.555  12.4  75.3 16954.7  0.0  0.0   .1   .4   .1   .4
3590.0   92.7 -81.1 -86.1  43.0   -3.7    2.6   4.5 125.9   4.5  150.908  -2.555  12.4  75.1 17000.2   .1  0.0   .1   .4   .1   .4
3600.0   91.8 -81.5 -86.5  42.8   -4.1    2.1   4.6 117.5   5.5  150.907  -2.554  12.4  74.9 17054.9   .1  0.0   .1   .3   .1   .4
3610.0   91.0 -81.9 -87.0  42.5   -4.3    1.6   4.6 110.6   5.1  150.907  -2.554  12.3  74.8 17106.0  0.0  0.0   .1   .3   .1   .3
3620.0   90.2 -82.4 -87.4  42.2   -4.4    1.1   4.5 104.2   4.9  150.907  -2.554  12.3  74.7 17154.5  0.0  0.0   .1   .3   .1   .3
3630.0   89.4 -82.8 -87.9  41.9   -4.5     .6   4.5  97.2   5.1  150.906  -2.554  12.2  74.6 17205.2  0.0  0.0  0.0   .3   .1   .3
3640.0   88.3 -83.4 -88.5  41.7   -4.8     .1   4.8  90.8   6.9  150.906  -2.554  12.2  74.5 17273.8  0.0  0.0  0.0   .3   .1   .3
3650.0   87.3 -84.0 -89.0  41.3   -5.3    -.4   5.3  85.2   6.1  150.905  -2.554  12.2  74.5 17334.9   .1  0.0   .1   .3   .1   .3
3660.0   86.5 -84.4 -89.5  41.0   -5.7    -.9   5.8  81.0   4.9  150.905  -2.554  12.1  74.4 17384.0  0.0  0.0   .1   .3   .1   .4
3670.0   85.7 -84.8 -89.8  40.9   -6.2   -1.3   6.4  77.9   5.3  150.904  -2.554  12.0  74.4 17436.6  0.0  0.0   .1   .4   .1   .4
3680.0   85.0 -85.1 -90.2  40.7   -6.8   -1.6   7.0  77.1   4.6  150.904  -2.554  12.0  74.4 17482.2   .1  0.0   .1   .4   .1   .4
3690.0   84.2 -85.4 -90.5  40.5   -7.5   -1.6   7.7  77.9   5.1  150.903  -2.555  11.9  74.4 17533.0  0.0  0.0   .1   .4   .1   .4
3700.0   83.5 -85.7 -90.8  40.3   -8.2   -1.5   8.4  79.8   4.7  150.902  -2.555  11.8  74.3 17580.4  0.0  0.0   .1   .4   .2   .5
3710.0   82.8 -85.8 -90.9  40.2   -9.0   -1.2   9.1  82.5   4.8  150.902  -2.555  11.7  74.3 17628.2  0.0  0.0   .2   .4   .2   .5
3720.0   82.0 -85.6 -90.7  40.1   -9.2   -1.1   9.3  83.2   5.3  150.901  -2.555  11.6  74.2 17680.7  0.0  0.0   .1   .4   .1   .4
3730.0   81.2 -85.6 -90.7  40.3   -9.6   -1.0   9.6  84.2   4.9  150.900  -2.555  11.5  74.2 17729.9  0.0  0.0   .1   .3   .1   .3
3740.0   80.6 -85.8 -90.9  40.2  -10.2    -.7  10.3  86.2   4.6  150.899  -2.555  11.5  74.1 17775.5  0.0  0.0   .1   .3   .1   .3
3750.0   80.0 -86.1 -91.2  40.2  -10.9    -.3  10.9  88.2   4.1  150.898  -2.555  11.3  73.9 17816.5  0.0  0.0   .1   .3   .1   .3
3760.0   79.3 -86.4 -91.5  40.1  -11.5    0.0  11.5  90.1   4.9  150.897  -2.555  11.2  73.8 17865.3  0.0  0.0   .1   .3   .1   .3
3770.0   78.6 -86.6 -91.6  40.0  -12.2     .4  12.2  91.8   4.5  150.896  -2.555  11.1  73.6 17910.6  0.0  0.0  0.0   .3   .1   .3
3780.0   77.9 -86.4 -91.5  40.0  -12.8     .8  12.9  93.4   5.0  150.895  -2.555  11.0  73.4 17960.1   .1   .1   .2   .3   .1   .4
3790.0   77.2 -85.2 -90.4  40.1  -13.2    1.1  13.2  95.0   5.1  150.894  -2.555  10.9  73.1 18010.7   .1  0.0   .1   .4   .1   .4
3800.0   76.4 -83.7 -88.9  40.4  -13.4    1.5  13.4  96.5   5.4  150.893  -2.555  10.8  72.9 18065.0  0.0   .1   .1   .4   .1   .4
3810.0   75.7 -81.8 -87.1  40.8  -13.3    1.9  13.5  98.3   5.1  150.891  -2.555  10.6  72.6 18116.4  0.0   .1   .1   .4   .1   .4
3820.0   75.0 -81.4 -86.6  41.3  -13.3    2.3  13.5  99.8   5.4  150.890  -2.554  10.5  72.2 18170.1  0.0  0.0   .1   .4   .1   .4
3830.0   74.3 -81.5 -86.7  41.6  -13.4    2.6  13.6 101.0   4.9  150.889  -2.554  10.4  71.9 18219.3  0.0  0.0   .1   .4   .1   .4
3840.0   73.6 -81.9 -87.0  41.7  -13.4    2.9  13.7 102.3   5.6  150.888  -2.554  10.3  71.5 18274.9  0.0  0.0   .1   .3   .1   .3
3850.0   72.9 -82.3 -87.4  41.6  -13.4    3.2  13.8 103.5   5.4  150.887  -2.554  10.2  71.1 18328.7  0.0  0.0  0.0   .3   .1   .3
3860.0   72.2 -82.7 -87.9  41.4  -13.2    3.5  13.6 104.8   5.5  150.885  -2.553  10.1  70.7 18383.7  0.0  0.0   .1   .3   .1   .3
3870.0   71.6 -83.2 -88.3  41.2  -13.0    3.7  13.5 105.7   5.0  150.884  -2.553   9.9  70.2 18433.6  0.0  0.0   .1   .3   .1   .3
3880.0   70.9 -83.7 -88.8  40.9  -12.9    3.7  13.4 106.1   5.3  150.883  -2.553   9.8  69.8 18486.3   .1  0.0   .1   .3   .1   .4
3890.0   70.2 -84.0 -89.1  40.7  -12.6    3.7  13.1 106.2   5.4  150.882  -2.552   9.7  69.3 18540.6   .1   .1  0.0   .4   .1   .4
3900.0   69.6 -83.1 -88.4  40.5  -12.1    3.6  12.6 106.4   4.9  150.881  -2.552   9.6  68.9 18589.3  0.0  0.0   .1   .4   .1   .4
3910.0   68.9 -82.3 -87.6  40.6  -11.6    3.4  12.1 106.4   5.1  150.880  -2.552   9.5  68.4 18640.3  0.0  0.0   .1   .4   .1   .5
3920.0   68.4 -80.8 -86.2  40.5  -11.2    3.3  11.7 106.2   4.5  150.879  -2.552   9.4  68.0 18685.5   .1   .2   .1   .5   .1   .5
3930.0   67.8 -78.2 -83.8  40.6  -11.1    3.2  11.6 105.9   4.7  150.878  -2.551   9.3  67.5 18732.4  0.0  0.0   .1   .5   .1   .5
3940.0   67.2 -76.7 -82.3  41.0  -10.9    3.0  11.3 105.5   5.1  150.877  -2.551   9.2  67.1 18783.5  0.0  0.0   .2   .4   .1   .5
3950.0   66.7 -75.6 -81.2  41.2  -10.7    2.9  11.1 104.9   4.5  150.876  -2.551   9.2  66.7 18828.6  0.0  0.0   .1   .4   .1   .5
3960.0   66.1 -75.0 -80.6  41.4  -10.2    2.7  10.6 104.9   5.1  150.875  -2.550   9.1  66.2 18879.4  0.0  0.0  0.0   .4   .1   .4
3970.0   65.6 -74.4 -80.1  41.3   -9.5    2.6   9.9 105.0   4.5  150.874  -2.550   9.0  65.8 18924.7  0.0  0.0  0.0   .4   .1   .4
3980.0   65.0 -74.2 -79.9  41.2   -8.8    2.4   9.1 105.3   5.6  150.873  -2.550   8.9  65.4 18980.8  0.0  0.0   .1   .4   .1   .4
3990.0   64.4 -74.4 -80.1  41.1   -7.9    2.2   8.2 105.3   5.1  150.872  -2.550   8.9  65.1 19032.1  0.0  0.0  0.0   .5   .1   .5
4000.0   63.8 -73.9 -79.8  40.6   -6.9    1.9   7.2 105.4   5.2  150.872  -2.550   8.8  64.8 19083.9  0.0  0.0  0.0   .5   .1   .5
4010.0   63.3 -73.1 -79.1  40.1   -6.1    1.7   6.3 105.6   5.2  150.871  -2.549   8.7  64.5 19136.0   .1  0.0   .1   .5   .1   .5
4020.0   62.7 -72.1 -78.2  39.5   -5.0    1.5   5.2 106.9   5.3  150.871  -2.549   8.7  64.2 19188.7  0.0   .3   .1   .5   .1   .5
4030.0   62.1 -69.4 -75.9  38.6   -3.6    1.4   3.8 110.7   5.2  150.870  -2.549   8.7  64.0 19240.8  0.0  0.0  0.0   .4   .1   .5
4040.0   61.6 -66.6 -73.4  37.8   -2.2    1.2   2.5 119.7   5.2  150.870  -2.549   8.7  63.8 19293.0  0.0  0.0   .1   .4   .1   .4
4050.0   61.1 -64.8 -71.9  37.1    -.8    1.1   1.4 144.7   5.2  150.870  -2.549   8.6  63.7 19344.9  0.0  0.0   .1   .4   .1   .4
4060.0   60.6 -63.7 -71.0  36.3     .2    1.0   1.0 193.3   5.2  150.870  -2.549   8.6  63.7 19396.9  0.0  0.0   .1   .4   .1   .5
4070.0   60.1 -63.1 -70.6  35.4    1.1     .8   1.4 233.6   5.3  150.870  -2.549   8.7  63.6 19449.4  0.0  0.0  0.0   .5   .1   .5
4080.0   59.6 -62.8 -70.6  34.2    2.2     .7   2.3 251.8   4.8  150.870  -2.549   8.7  63.6 19497.7  0.0  0.0   .1   .5   .1   .5
4090.0   59.0 -62.9 -70.9  33.1    3.1     .7   3.2 258.1   5.8  150.870  -2.549   8.7  63.7 19555.7  0.0  0.0   .1   .5   .1   .5
4100.0   58.5 -63.2 -71.4  31.8    4.0     .7   4.1 260.4   5.1  150.871  -2.549   8.7  63.7 19606.3   .1  0.0  0.0   .5   .1   .5
4110.0   58.0 -63.5 -72.0  30.6    4.4     .7   4.5 261.4   5.6  150.871  -2.548   8.8  63.8 19662.1  0.0  0.0   .1   .5   .1   .5
4120.0   57.5 -63.9 -72.6  29.3    4.5     .6   4.6 262.4   5.5  150.871  -2.548   8.8  63.9 19717.3  0.0  0.0   .1   .5   .1   .5
4130.0   56.9 -64.3 -73.3  28.2    4.6     .5   4.6 264.0   5.8  150.872  -2.548   8.9  64.0 19775.8  0.0  0.0   .1   .5   .1   .5
4140.0   56.4 -64.6 -73.8  27.1    4.5     .3   4.5 265.6   5.8  150.872  -2.548   8.9  64.1 19834.0  0.0  0.0   .1   .5   .1   .5
4150.0   55.9 -64.8 -74.2  26.1    4.2     .1   4.2 268.2   5.4  150.873  -2.548   8.9  64.2 19887.6   .1  0.0  0.0   .4   .1   .5
4160.0   55.4 -64.8 -74.5  25.1    3.5    -.1   3.5 272.4   5.7  150.873  -2.548   9.0  64.3 19944.5  0.0  0.0   .1   .4   .1   .5
4170.0   54.9 -65.0 -74.9  24.3    2.7    -.5   2.8 279.6   5.8  150.873  -2.548   9.0  64.4 20002.0   .1  0.0   .1   .4   .1   .4
4180.0   54.4 -65.3 -75.4  23.6    1.9    -.8   2.0 292.2   5.4  150.873  -2.548   9.0  64.5 20055.8  0.0  0.0  0.0   .4   .1   .4
4190.0   53.9 -65.5 -75.7  22.7     .8   -1.3   1.5 327.5   5.3  150.873  -2.549   9.0  64.6 20108.3  0.0  0.0  0.0   .4   .1   .4
4200.0   53.4 -65.4 -75.9  22.1    -.2   -1.7   1.7   5.9   5.9  150.874  -2.549   9.0  64.7 20167.6  0.0  0.0   .1   .4   .1   .4
4210.0   52.9 -65.3 -76.0  21.4   -1.0   -2.2   2.4  24.5   5.4  150.873  -2.549   9.0  64.8 20221.7  0.0  0.0   .1   .4   .1   .4
4220.0   52.5 -65.0 -75.9  20.8   -1.8   -2.7   3.2  33.7   5.1  150.873  -2.549   9.0  64.9 20272.3  0.0  0.0  0.0   .4   .1   .4
4230.0   52.0 -65.0 -76.1  20.3   -2.5   -3.1   4.0  39.0   5.6  150.873  -2.549   9.0  65.0 20328.7  0.0  0.0   .1   .4   .1   .4
4240.0   51.6 -65.1 -76.3  19.7   -3.2   -3.5   4.8  42.1   5.1  150.873  -2.550   8.9  65.1 20379.8  0.0  0.0   .1   .4   .1   .5
4250.0   51.1 -65.1 -76.5  19.3   -3.8   -3.9   5.5  43.8   5.3  150.873  -2.550   8.9  65.3 20432.7  0.0  0.0   .1   .5   .1   .5
4260.0   50.6 -65.1 -76.7  18.7   -4.0   -4.3   5.9  43.0   5.8  150.872  -2.550   8.8  65.4 20491.1  0.0  0.0   .1   .6   .1   .6
4270.0   50.2 -64.9 -76.7  18.2   -3.7   -4.6   5.9  39.2   5.4  150.872  -2.551   8.8  65.6 20545.6  0.0  0.0   .1   .7   .1   .7
4280.0   49.8 -64.6 -76.6  17.7   -3.3   -4.8   5.8  34.5   5.1  150.872  -2.551   8.7  65.7 20596.5  0.0  0.0   .1   .7   .1   .7
4290.0   49.3 -64.6 -76.8  17.3   -2.6   -4.9   5.6  27.5   5.4  150.871  -2.552   8.7  66.0 20650.2  0.0  0.0  0.0   .8   .2   .8
4300.0   48.9 -64.8 -77.0  17.0   -2.2   -5.1   5.5  23.1   5.0  150.871  -2.552   8.6  66.2 20700.0  0.0  0.0  0.0   .7   .2   .7
4310.0   48.5 -64.9 -77.3  16.6   -1.7   -5.2   5.5  18.4   5.3  150.871  -2.552   8.6  66.5 20753.3  0.0  0.0   .1   .6   .1   .7
4320.0   48.1 -65.0 -77.5  16.2    -.4   -5.2   5.2   4.1   4.7  150.871  -2.553   8.6  66.7 20800.7  0.0  0.0   .1   .5   .1   .6
4330.0   47.7 -65.0 -77.6  15.9     .9   -5.1   5.2 350.6   4.9  150.871  -2.553   8.5  67.1 20849.6   .1  0.0  0.0   .5   .1   .5
4340.0   47.3 -64.8 -77.7  15.5    1.9   -5.1   5.4 339.0   5.2  150.871  -2.554   8.5  67.4 20901.6  0.0  0.0   .1   .5   .1   .5
4350.0   47.0 -64.6 -77.7  15.1    2.8   -5.0   5.7 330.7   4.8  150.871  -2.554   8.5  67.8 20949.2  0.0  0.0  0.0   .5   .1   .5
4360.0   46.6 -64.4 -77.6  14.7    3.7   -4.8   6.1 322.4   5.4  150.871  -2.555   8.6  68.2 21003.6  0.0  0.0   .1   .5   .1   .5
4370.0   46.2 -64.2 -77.6  14.5    4.8   -4.7   6.7 314.2   4.7  150.872  -2.555   8.6  68.6 21050.6  0.0  0.0   .1   .5   .1   .5
4380.0   45.8 -63.8 -77.4  14.1    5.4   -4.5   7.0 309.4   5.2  150.872  -2.556   8.6  69.0 21102.4  0.0  0.0  0.0   .5   .1   .5
4390.0   45.4 -63.3 -77.1  13.7    5.9   -4.3   7.3 305.9   5.5  150.873  -2.556   8.6  69.4 21157.5  0.0  0.0  0.0   .5   .1   .5
4400.0   45.1 -62.8 -76.9  13.4    6.1   -4.0   7.3 303.3   4.4  150.873  -2.556   8.7  69.8 21201.3  0.0  0.0   .1   .5   .1   .5
4410.0   44.7 -62.6 -76.8  13.1    6.0   -3.7   7.1 301.8   5.4  150.874  -2.557   8.7  70.2 21255.6  0.0  0.0   .1   .5   .1   .5
4420.0   44.2 -62.8 -77.1  13.0    5.3   -3.5   6.3 303.7   6.0  150.874  -2.557   8.8  70.5 21315.5  0.0  0.0   .1   .5   .1   .5
4430.0   43.9 -63.0 -77.3  12.7    5.0   -3.3   5.9 303.6   4.7  150.875  -2.557   8.8  70.8 21362.9   .1  0.0   .1   .4   .1   .4
4440.0   43.5 -62.9 -77.4  12.4    4.7   -3.0   5.6 303.0   5.6  150.875  -2.558   8.8  71.1 21418.8  0.0  0.0   .1   .3   .1   .3
4450.0   43.1 -63.1 -77.7  12.2    4.0   -2.8   4.9 305.8   5.2  150.876  -2.558   8.9  71.4 21471.2   .1  0.0   .1   .3   .1   .3
4460.0   42.8 -63.5 -78.2  12.0    3.2   -2.7   4.1 310.0   5.2  150.876  -2.558   8.9  71.6 21522.9   .1  0.0   .1   .3   .1   .3
4470.0   42.4 -63.4 -78.3  11.7    2.2   -2.4   3.3 318.3   5.6  150.876  -2.558   8.9  71.8 21578.6   .1  0.0   .1   .3   .1   .3
4480.0   42.0 -63.1 -78.1  11.5    1.1   -2.2   2.5 332.7   5.7  150.876  -2.559   8.9  72.0 21636.0 88.0 88.0 88.0   .3   .1   .3
4490.0 9999.0 999.0 999.0 999.0     .4   -1.9   1.9 347.4  99.0  150.876  -2.559   8.9  72.2 99999.0 99.0 99.0 99.0   .3   .1   .3
4500.0 9999.0 999.0 999.0 999.0    -.2   -1.5   1.5   8.4  99.0  150.876  -2.559   8.9  72.3 99999.0 99.0 99.0 99.0   .4   .1   .4
4510.0 9999.0 999.0 999.0 999.0    -.7   -1.2   1.4  30.6  99.0  150.876  -2.559   8.9  72.3 99999.0 99.0 99.0 99.0   .4   .1   .4
4520.0 9999.0 999.0 999.0 999.0    -.9    -.8   1.2  47.1  99.0  150.876  -2.559   8.9  72.4 99999.0 99.0 99.0 99.0   .4   .1   .4
4530.0 9999.0 999.0 999.0 999.0    -.9    -.4   1.0  66.4  99.0  150.876  -2.559   8.9  72.4 99999.0 99.0 99.0 99.0   .4   .1   .4
4540.0 9999.0 999.0 999.0 999.0    -.7    0.0    .7  86.9  99.0  150.876  -2.559   8.9  72.4 99999.0 99.0 99.0 99.0   .5   .1   .5
4550.0 9999.0 999.0 999.0 999.0    -.4     .2    .5 115.9  99.0  150.876  -2.559   8.9  72.4 99999.0 99.0 99.0 99.0   .5   .1   .5
4560.0 9999.0 999.0 999.0 999.0     .2     .5    .6 199.1  99.0  150.876  -2.559   8.9  72.4 99999.0 99.0 99.0 99.0   .5   .1   .5
4570.0 9999.0 999.0 999.0 999.0    1.0     .8   1.3 231.2  99.0  150.876  -2.559   8.9  72.3 99999.0 99.0 99.0 99.0   .5   .1   .5
4580.0 9999.0 999.0 999.0 999.0    1.9    1.1   2.2 240.8  99.0  150.876  -2.559   8.9  72.3 99999.0 99.0 99.0 99.0   .5   .1   .5
4590.0 9999.0 999.0 999.0 999.0    2.7    1.3   3.0 244.2  99.0  150.877  -2.559   8.9  72.3 99999.0 99.0 99.0 99.0   .4   .1   .4
4600.0 9999.0 999.0 999.0 999.0    3.8    1.5   4.1 248.2  99.0  150.877  -2.559   9.0  72.2 99999.0 99.0 99.0 99.0   .4   .1   .4
4610.0 9999.0 999.0 999.0 999.0    5.2    1.7   5.5 251.9  99.0  150.877  -2.559   9.0  72.2 99999.0 99.0 99.0 99.0   .4   .1   .4
4620.0 9999.0 999.0 999.0 999.0    6.7    1.8   6.9 255.0  99.0  150.878  -2.558   9.1  72.2 99999.0 99.0 99.0 99.0   .4   .1   .4
4630.0 9999.0 999.0 999.0 999.0    7.9    1.8   8.1 257.6  99.0  150.878  -2.558   9.1  72.3 99999.0 99.0 99.0 99.0   .5   .1   .5
4640.0 9999.0 999.0 999.0 999.0    9.0    1.7   9.1 259.3  99.0  150.879  -2.558   9.2  72.3 99999.0 99.0 99.0 99.0   .5   .1   .6
4650.0 9999.0 999.0 999.0 999.0   10.2    1.7  10.3 260.4  99.0  150.880  -2.558   9.3  72.4 99999.0 99.0 99.0 99.0   .6   .1   .6
4660.0 9999.0 999.0 999.0 999.0   11.7    1.7  11.8 261.9  99.0  150.881  -2.558   9.4  72.5 99999.0 99.0 99.0 99.0   .6   .1   .6
4670.0 9999.0 999.0 999.0 999.0   13.1    1.5  13.2 263.4  99.0  150.882  -2.558   9.6  72.7 99999.0 99.0 99.0 99.0   .6   .1   .6
4680.0 9999.0 999.0 999.0 999.0   14.2    1.2  14.2 265.0  99.0  150.883  -2.558   9.7  72.8 99999.0 99.0 99.0 99.0   .6   .1   .6
4690.0 9999.0 999.0 999.0 999.0   15.1     .9  15.1 266.6  99.0  150.885  -2.557   9.8  73.0 99999.0 99.0 99.0 99.0   .6   .2   .7
4700.0 9999.0 999.0 999.0 999.0   15.7     .5  15.7 268.1  99.0  150.886  -2.557  10.0  73.2 99999.0 99.0 99.0 99.0   .6   .2   .7
